r, x, y, z
4.500000000000000000e-03 2.092099305641226259e-02 2.678748802163996579e-02 3.714272043745728193e-03
4.500000000000000000e-03 5.339478886935815349e-02 2.531123212115491197e-02 3.762987012987012696e-03
4.500000000000000000e-03 6.418690909090908614e-02 3.464592613636363616e-02 3.285844155844155727e-03
4.500000000000000000e-03 6.187587616972999027e-02 2.192796864458197020e-02 4.879870129870129102e-03
4.500000000000000000e-03 7.323609135862516051e-02 2.516297102493660759e-02 8.454529180093088570e-03
4.500000000000000000e-03 2.394561935862746238e-02 3.284268364011418140e-02 9.876623376623377623e-03
4.500000000000000000e-03 2.729860865425338609e-02 2.421305226361318910e-02 9.977302513999761549e-03
4.500000000000000000e-03 4.534930561612960515e-02 2.519959726612863715e-02 1.024024595362175126e-02
4.500000000000000000e-03 3.643603320243046090e-02 2.260254393179982058e-02 1.020135654990888922e-02
4.500000000000000000e-03 6.675055891338396719e-02 2.197053654530472036e-02 1.350001595456140797e-02
4.500000000000000000e-03 6.846840265279525647e-03 3.332324664720631713e-02 1.421770172955007239e-02
4.500000000000000000e-03 4.794969402069414882e-02 3.318162513441264005e-02 1.545126877730564237e-02
4.500000000000000000e-03 2.147848950614084443e-02 2.193849549133908630e-02 1.632142857142857006e-02
4.500000000000000000e-03 5.727546125629547763e-02 3.452811882041240815e-02 1.608492316309027836e-02
4.500000000000000000e-03 2.384943181818181650e-03 2.260511363636363152e-02 1.597907647907647818e-02
4.500000000000000000e-03 3.176168034470575746e-02 2.434994286855252793e-02 1.744480519480519354e-02
4.500000000000000000e-03 2.330713663783247347e-02 3.087778791203783790e-02 1.819808080808080555e-02
4.500000000000000000e-03 5.625858404708194288e-02 2.743456173602631942e-02 2.155190155906146557e-02
4.500000000000000000e-03 8.562558084057441191e-03 3.016975420780861408e-02 2.208441558441558497e-02
4.500000000000000000e-03 6.515261645293120296e-02 2.460831133496077863e-02 2.233973538198890524e-02
4.500000000000000000e-03 1.204197774191554174e-02 2.168548932895310657e-02 2.374349212734168380e-02
4.500000000000000000e-03 7.515175189393939748e-02 2.542708333333333279e-02 2.396681096681096274e-02
4.500000000000000000e-03 5.026613946399120791e-02 2.174845669442427090e-02 2.560712874082439472e-02
4.500000000000000000e-03 2.370457729541802783e-02 2.772221206542807917e-02 2.613159580145881303e-02
4.500000000000000000e-03 4.236913070225335060e-02 2.649179107484235518e-02 2.701836693373441470e-02
3.500000000000000000e-03 5.891556280902467829e-02 2.899391129567853095e-02 2.704575241272489262e-03
3.500000000000000000e-03 6.586303352898423280e-02 2.767364966746884564e-02 2.717500791891036115e-03
3.500000000000000000e-03 7.236856369139599288e-02 3.035393023161828130e-02 2.749877810361681368e-03
3.500000000000000000e-03 1.192537188715094183e-02 2.843737501380776828e-02 2.808523135156300917e-03
3.500000000000000000e-03 4.458400120357743079e-02 2.253036430260901141e-02 2.801898356745295346e-03
3.500000000000000000e-03 3.753864890335029125e-02 2.205529868905890464e-02 2.750052086950482196e-03
3.500000000000000000e-03 5.442935226394152171e-02 3.451827026173318741e-02 3.034931586270871954e-03
3.500000000000000000e-03 3.485116305738385906e-02 3.217619191302325404e-02 2.858053322339036261e-03
3.500000000000000000e-03 4.911761280169680589e-03 2.871698283156002077e-02 2.827903939635782477e-03
3.500000000000000000e-03 4.764224151258005663e-02 3.220343254885903866e-02 2.928571428571427951e-03
3.500000000000000000e-03 2.669108988619678640e-03 2.206213702338475843e-02 2.814976163077429015e-03
3.500000000000000000e-03 2.688238289507429921e-02 3.094620969007584252e-02 3.045436947875972047e-03
3.500000000000000000e-03 4.129660573853601024e-02 3.463776226627358207e-02 3.048810128419066501e-03
3.500000000000000000e-03 2.641180866463791257e-02 2.089716356609130909e-02 2.961018605219232092e-03
3.500000000000000000e-03 1.368150378893145079e-02 3.438210024514661012e-02 3.003067622033138862e-03
3.500000000000000000e-03 2.058245268957924895e-02 3.424654418702478137e-02 3.313654916512058599e-03
3.500000000000000000e-03 7.378128855519480722e-02 2.127636151051329541e-02 2.883232838589981639e-03
3.500000000000000000e-03 3.471805555555556103e-03 3.433446428571428066e-02 3.126082251082250990e-03
3.500000000000000000e-03 4.064229020656044689e-02 2.828023507028432429e-02 3.727272727272726641e-03
3.500000000000000000e-03 3.169518464817600717e-02 2.605180334363004641e-02 4.425430547713156242e-03
3.500000000000000000e-03 1.368998852529248328e-02 2.209216185613821840e-02 5.077979883617866202e-03
3.500000000000000000e-03 8.447646187733803824e-03 3.308270083722119476e-02 6.925940438871473238e-03
3.500000000000000000e-03 3.050043037532037399e-02 3.486346923589996732e-02 7.477310046275565010e-03
3.500000000000000000e-03 1.571082286866837263e-02 3.129682091838274088e-02 7.896119695389768392e-03
3.500000000000000000e-03 6.799602451103810286e-02 3.177464976721117162e-02 7.999863653406959901e-03
3.500000000000000000e-03 7.467828494037893894e-02 3.185292525932631458e-02 9.147129186602870679e-03
3.500000000000000000e-03 5.764710513582442519e-02 3.282711990004349989e-02 8.759740259740259050e-03
3.500000000000000000e-03 4.288685669198684380e-02 3.244703015733513274e-02 8.889537633235113090e-03
3.500000000000000000e-03 3.722500000000000114e-02 3.300000000000000155e-02 7.740259740259739993e-03
3.500000000000000000e-03 5.046923495783697117e-02 3.050822491166538253e-02 9.003229930691070831e-03
3.500000000000000000e-03 1.046689283414041147e-02 2.678859789504399805e-02 9.188456390406250091e-03
3.500000000000000000e-03 6.249110048632999792e-02 2.769641087052686010e-02 9.399350649350648665e-03
3.500000000000000000e-03 3.234719837527835762e-03 2.765295474714121737e-02 9.285795201683051669e-03
3.500000000000000000e-03 3.629981483373641987e-02 3.015795443716752164e-02 9.136001972710833252e-03
3.500000000000000000e-03 5.587255602402325244e-02 2.692905426517489681e-02 1.203264543675502604e-02
3.500000000000000000e-03 6.350522949953939233e-02 3.421020767767044002e-02 1.269473243842991587e-02
3.500000000000000000e-03 0.000000000000000000e+00 3.495000000000000190e-02 1.175974025974025998e-02
3.500000000000000000e-03 3.062064142108740158e-02 3.105367021778735956e-02 1.315909090909090674e-02
3.500000000000000000e-03 3.862609414993918577e-02 3.424487386078531315e-02 1.428268606393606407e-02
3.500000000000000000e-03 7.054560672514620379e-02 3.455570227652465104e-02 1.352605946684894145e-02
3.500000000000000000e-03 1.469883308310764199e-02 3.149198348572992273e-02 1.439290840738209100e-02
3.500000000000000000e-03 6.894689109746920952e-02 2.869760486481477690e-02 1.475315923968215093e-02
3.500000000000000000e-03 3.853317705579799302e-02 2.721755682422690240e-02 1.549025974025973994e-02
3.500000000000000000e-03 5.017768618004949527e-02 2.505688402141279317e-02 1.559089213658404124e-02
3.500000000000000000e-03 9.739079476571757196e-03 2.517372755210901467e-02 1.565584415584415565e-02
3.500000000000000000e-03 6.197536523681587001e-02 2.839145614805784618e-02 1.612347996830755525e-02
3.500000000000000000e-03 9.467101029601029212e-04 3.494112371299871317e-02 1.493734643734643402e-02
3.500000000000000000e-03 3.392873492060432400e-02 3.126644076121208593e-02 1.903571428571428428e-02
3.500000000000000000e-03 1.205295185414233337e-03 2.895104623330813781e-02 1.820964749536178179e-02
3.500000000000000000e-03 1.552898082977285758e-02 2.671150583345538801e-02 1.924020392215234493e-02
3.500000000000000000e-03 6.748701411397001193e-02 3.393770676327610702e-02 1.916058190736302097e-02
3.500000000000000000e-03 4.085651417603362867e-02 3.158171751697821245e-02 2.063315198315198232e-02
3.500000000000000000e-03 3.836309533324298859e-02 2.274512003492788412e-02 2.064935064935064998e-02
3.500000000000000000e-03 6.137008990473116071e-02 3.191078044989015261e-02 2.182467532467532653e-02
3.500000000000000000e-03 4.697635022976555386e-02 2.817786474439465741e-02 2.190049140049139809e-02
3.500000000000000000e-03 5.114454447705451406e-02 3.392529166046764910e-02 2.255513155675493292e-02
3.500000000000000000e-03 1.567410562444521496e-02 3.305237319182365713e-02 2.272288676236044677e-02
3.500000000000000000e-03 6.800538505912548382e-02 3.051267581917177507e-02 2.469803273649427353e-02
3.500000000000000000e-03 3.116505635791358766e-02 2.620626179267436864e-02 2.478896103896103750e-02
3.500000000000000000e-03 2.862439557461469997e-02 3.322219349270459643e-02 2.489449236894492393e-02
3.500000000000000000e-03 3.582120176795552252e-02 3.163177063267317429e-02 2.546753246753246866e-02
3.500000000000000000e-03 4.391198145004601879e-03 2.393318448039506718e-02 2.626143589348337026e-02
3.500000000000000000e-03 6.094494086211078160e-02 2.896590648838020740e-02 2.787972387972387917e-02
3.500000000000000000e-03 5.555523059042764139e-02 3.357012396607224336e-02 2.788845883180858520e-02
3.500000000000000000e-03 1.256056924114471243e-02 2.794667955463373335e-02 2.859734233284116911e-02
3.500000000000000000e-03 7.474000000000000088e-02 3.212999999999999884e-02 2.751623376623376499e-02
3.500000000000000000e-03 4.842679606946753007e-02 3.300886038872666989e-02 2.923998104899392519e-02
3.500000000000000000e-03 4.116720189070502411e-02 3.358942535887597669e-02 2.936877560941731843e-02
3.500000000000000000e-03 5.747137188208617346e-03 2.950574586977648336e-02 2.979764113437582615e-02
